60 + 9

num <- 60 + 9
num